%set1 success

p(1)=(856-314)/856;

%set2 success

p(2)=(1007-357)/1007;
p(3)=(668-80)/668;

%set3 success partial
p(4)=(1012-407)/1012;
p(5)=(859-244+189-156)/859;
%set4 success
p(6)=(547-111)/547;
%set5 success
p(7)=(500-117)/500;
%set6 fail

%set7 sucesss

p(8)=(453-173)/453;

%set8  partiallly correct
p(9)=(542-187)/542;

%set9 sucess*
p(10)=(810-144)/810;

%set10 success
p(11)=(1-(13/547));
p(12)=(870-159)/870;

%set11 fail

%set12 sucess

p(13)=(622-256)/622;
p(14)=(905-12)/905;

%set13 success

p(15)=(490-101)/490;

%set14 success
p(16)=(845-188)/845;

%set15 success 
p(17)=(265-116)/265;
p(18)=(1141-27)/1225;

%set16 success

p(19)=(555-139)/555;

%set17 success
p(20)=1;
p(21)=(899-94)/899;

%set partial success
p(22)=(755-446)/775;

%set partial success

p(23)=(602-162)/602;

%set20 success
p(24)=(669-133)/669;
